77.67
94.52
1.87
80.79
86.45
69.25
38.73
55.53
21.66
66.04
34.07
63.66
48.43
61.00
85.94
51.54
92.20
11.78
34.20
22.42
11.09
14.58
0.55
56.83
15.22
98.04
53.97
23.83
41.27
49.99
48.51
94.44
79.94
85.39
44.34
99.40
28.11
43.50
28.09
18.97
97.33
25.67
59.56
74.89
41.66
25.77
99.55
57.37
33.22
14.58
65.22
7.72
1.79
80.39
24.02
54.02
60.38
7.44
0.35
17.98
56.28
96.46
11.59
77.73
10.59
17.59
37.08
70.01
97.55
59.75
15.81
54.51
67.25
77.17
35.66
19.82
52.22
88.92
95.84
72.56
55.51
23.75
60.80
74.38
46.16
35.14
1.56
97.82
80.43
16.31
10.18
79.12
27.12
23.26
39.65
79.56
12.61
97.37
40.46
99.66
82.07
53.04
30.91
5.05
70.04
50.77
68.98
91.56
44.25
92.84
73.01
28.87
45.00
16.40
14.47
0.89
46.55
77.58
25.75
82.11
60.12
80.27
22.21
53.80
31.08
62.33
5.32
68.00
94.15
55.63
97.88
28.09
29.73
25.68
46.09
3.52
79.84
94.91
15.72
88.32
31.84
16.37
34.86
43.10